002669
300008
600212
300024
600153
000858
600702
601990
000029
000062
000799
002837
300570
000039
000738
000821
300963
301503
000012
002306
301251
600579
600757
600872
601890
603307
603976
002355
002812
002959
300648
601198
603810
002548
002936
300343
300467
300741
688169
000528
002272
002353
002445
002660
002795
002821
002909
300166
300198
300383
300710
300711
600037
600292
600392
600477
600875
601916
603048
603790
605117
688017
688190
688316
688400
000513
002294
002448
300315
300579
603888
000021
002008
002067
002276
002396
002439
002600
002601
002629
002655
002843
002903
002908
300055
300149
300285
300469
300564
300713
300735
300767
301227
600523
600563
600756
601139
601877
603005
603168
603602
603989
688099
688231
