002669
300008
600185
600212
300024
600153
600518
000568
000858
600702
601990
300833
000029
000062
000799
002837
300570
301257
000596
300444
301388
603601
000039
000738
000821
300963
301503
000012
000739
001299
001914
002292
002306
301251
301287
600305
600579
600622
600675
600757
600872
601890
603307
603976
002343
002355
002677
002812
002959
300648
600754
601021
601198
603477
603810
002548
002936
300343
300467
300741
688169
000528
002081
002120
002272
002353
002445
002660
002795
002821
002909
300166
300198
300383
300569
300710
300711
600037
600177
600292
600392
600477
600706
600875
601916
603048
603055
603790
605117
605177
688017
688190
688316
688400
