000001
000012
600006
600009
600027
600037
600039
600053
600054
600055
600058
600089
600098
600119
600132
600135
600143
600148
600153
600157
600176
600177
600185
600198
600206
600212
600230
600235
600268
600271
600280
600283
600292
600305
600336
600338
600340
600392
600408
600435
600477
600489
600497
600507
600518
600522
600523
600529
600536
600546
600548
600550
600558
600563
600579
600584
600587
600588
600616
600621
600622
600635
600675
600694
600702
600706
600712
600724
600729
600739
600748
600754
600756
600757
600764
600789
600797
600829
600838
600871
600872
600875
600895
600903
600963
600976
600984
600988
601000
601010
601021
601061
601086
601106
601108
601136
601139
601155
601162
601198
601216
601369
601566
601608
601665
601669
601702
601778
601788
601877
601890
601916
601933
601975
601990
603002
603005
603010
603025
603030
603048
603055
603058
603061
603063
603160
603168
603188
603197
603239
603259
603260
603307
603316
603456
603477
603601
603602
603661
603667
603706
603717
603790
603799
603810
603816
603880
603881
603885
603888
603893
603949
603969
603976
603989
605001
605008
605117
605177
688005
688017
688063
688070
688099
688169
688190
688231
688308
688316
688400
688418
688531
688556
688567
688660
688721
689009
900925
000009
000011
000021
000025
000029
000039
000049
000066
000078
000156
000410
000513
000519
000526
000528
000529
000555
000568
000596
000628
000650
000661
000686
000700
000723
000733
000735
000738
000739
000777
000782
000791
000799
000810
000816
000821
000831
000839
000858
000868
000905
000932
000963
000980
001259
001299
001337
001914
002006
002007
002008
002014
002023
002035
002037
002043
002049
002067
002074
002081
002086
002095
002104
002112
002120
002127
002128
002130
002131
002153
002160
002163
002167
002169
002183
002185
002190
002195
002204
002218
002223
002233
002236
002237
002239
002272
002276
002291
002292
002294
002306
002320
002326
002328
002343
002347
002353
002355
002358
002369
002396
002430
002439
002445
002448
002458
002460
002466
002475
002497
002530
002545
002548
002549
002555
002559
002572
002573
002600
002601
002602
002628
002629
002646
002648
002651
002654
002655
002660
002669
002673
002677
002745
002747
002756
002795
002812
002821
002843
002903
002908
002909
002932
002936
002940
002943
002959
002965
002972
002985
003001
003025
300001
300008
300017
300020
300024
300051
300055
300056
300061
300083
300084
300122
300145
300146
300149
300166
300175
300180
300198
300212
300221
300243
300271
300278
300285
300315
300316
300322
300339
300343
300346
300355
300383
300397
300407
300416
300424
300430
300444
300450
300454
300458
300461
300467
300469
300471
300491
300496
300503
300506
300525
300529
300542
300564
300569
300579
300596
300601
300618
300624
300625
300628
300636
300648
300664
300671
300674
300676
300677
300682
300686
300693
300705
300710
300711
300713
300735
300741
300747
300751
300767
300769
300773
300796
300807
300809
300829
300832
300833
300836
300842
300869
300943
300963
300995
301107
301227
301234
301251
301257
301287
301359
301388
301503
301512
301525