301503
600055
300430
000507
000858
002606
300997
301189
600727
600754
600780
600798
600863
600925
603191
605011
605338
000755
001914
002053
002421
300328
603559
688229
920237
002156
002243
601600
601686
603031
603816
002056
300504
301111
301666
600396
600726
603458
605555
688456
920078
002636
002678
300664
300853
600714
688310
688690
002164
002571
002896
002987
300626
601588
603186
920002
920682
920720
000410
001317
002515
300296
300710
300710
301488
301511
603040
688322
920092
920247
000608
001696
300411
300576
300666
300741
600826
603150
605208
688300
300489
600186
600500
600667
603011
688035
688082
688368
688545
688602
000009
000166
000558
000630
000809
000958
001299
002718
002789
002937
300570
301196
600030
600511
600567
600573
601187
601568
601628
603519
603871
603993
688218
688388
688750
920982
000301
000408
000568
000596
000735
000738
001369
002104
002155
002258
002440
002493
002651
300263
300408
300697
300711
300868
300871
300889
300998
301337
301566
600135
600259
600301
600838
600871
601319
601336
601877
601881
601890
603373
605368
688020
688059
688098
688314
688777
920634
000510
000758
000759
000905
001239
002130
002163
002193
002204
002218
002272
002303
002343
002358
002368
002415
002426
002572
002672
002824
002908
003022
300055
300122
300145
300145
300224
300252
300271
300377
300410
300497
300542
300586
300709
300870
300963
300976
301200
301238
301306
301310
301622
600111
600366
600523
600550
600605
600862
600996
600999
601106
603045
603166
603203
603327
603429
603618
688056
688070
688112
688660
688719
688786
688788
688819
920125
000029
000065
000070
000526
000955
002043
002074
002131
002195
002263
002281
002613
002662
002745
002851
002931
300037
300174
300180
300303
300308
300458
300458
300606
300648
300668
300696
300726
300737
301099
301150
301328
301373
301603
600268
600370
600621
600756
600764
600876
601375
603407
603949
603985
605258
605288
688125
688260
688312
688316
688347
688383
688525
688536
688598
920357
000679
002084
002191
002318
002436
002485
002741
002775
002806
002821
002821
002938
002980
300223
300239
300260
300265
300341
300433
300449
300502
300553
300554
300578
300624
300679
300700
300757
300811
301119
301123
301201
301213
301322
301330
301458
600212
600246
600875
601669
601975
603259
603318
603324
603893
603893
603936
605378
688063
688096
688367
688600
688733
688802
688813
920045
920099
920122
920971
000422
000555
000571
000668
000686
000728
000830
000878
001965
002077
002145
002367
002491
002539
002673
002730
002859
002978
300018
300042
300059
300095
300179
300196
300283
300378
300402
300643
300649
300676
300676
300748
300774
300930
301021
301080
301093
301308
301363
301388
301502
301557
301662
600010
600037
600089
600096
600108
600162
600208
600346
600369
600390
600456
600761
600797
600958
601061
601108
601108
601162
601198
601198
601788
601901
603042
603127
603173
603188
603196
603262
603530
603668
605089
605178
605376
688052
688109
688119
688126
688515
920061
920263
920703
920719
002276
002320
002369
002439
002530
002648
002795
300061
300339
300339
300407
300461
300461
300682
300713
300713
300807
301287
600053
600706
600748
600789
601086
603197
603717
603717
605001
605001
000157
000518
000609
000715
000726
000739
000949
002167
002206
002273
002311
002603
002674
002758
002945
002961
003033
300357
300363
300723
301162
301230
301345
301507
600020
600095
600131
600166
600196
600261
600337
600345
600350
600372
600498
600551
600618
600643
600676
600741
600791
600821
600864
600908
600955
601021
601101
601229
601888
603021
603181
603199
603209
603466
603617
603679
605098
605118
605255
688009
688029
688062
688091
688180
688192
688302
688323
688382
688398
688611
920029
920218
920735
689009
000651
000685
000813
000876
001201
001322
002033
002099
002100
002275
002568
002605
002647
002736
002762
002793
002797
002939
003006
003019
300039
300244
300326
300673
300683
300685
300692
300702
300706
301033
600007
600009
600012
600193
600289
600468
600479
600481
600690
600755
600812
600886
600918
600998
601156
601377
601555
601990
603009
603456
603565
603588
603610
603707
603766
605009
605081
605228
688016
688036
688075
688137
688176
688177
688231
688238
688249
688253
688301
688356
688403
688506
688513
688521
688526
688607
688608
688639
920020
920599
002628
000539
000631
000632
000909
001269
002120
002175
002184
002232
002236
002313
002470
002565
002624
002705
002717
002991
300072
300124
300261
300289
300298
300528
300715
300772
300778
300838
300859
300957
301030
301059
301368
301550
600056
600075
600187
600265
600285
600310
600376
600525
600679
600725
600845
601016
601026
601456
603057
603189
603212
603392
603435
603567
603569
603583
603825
605028
605088
605488
688066
688169
688271
688282
688375
688377
688697
688805
920090
000002
000016
000639
000661
000680
000688
000711
000729
000798
000820
000963
001210
001215
002014
002024
002059
002091
002122
002127
002150
002157
002198
002239
002267
002314
002315
002327
002360
002396
002412
002501
002548
002596
002620
002637
002656
002742
002843
002847
002856
002917
002977
002981
002995
003021
300027
300080
300228
300439
300580
300856
300896
300910
301107
301270
301596
600236
600302
600348
600415
600439
600469
600592
600617
600645
600648
600681
600730
600794
600901
600997
601018
601088
601718
601918
603180
603272
603286
603517
603718
603730
603810
603822
603828
603869
603877
605177
688092
688606
688612
920576
920978
000030
000159
000403
000425
000513
000552
000564
000610
000650
000677
000700
000736
000797
000911
000975
001203
001311
001366
002006
002153
002269
002292
002395
002408
002431
002461
002483
002489
002490
002512
002523
002542
002547
002590
002634
002667
002878
003003
300010
300175
300225
300254
300281
300299
300355
300385
300529
300601
300705
300829
300886
300918
301234
301551
600022
600023
600039
600137
600243
600256
600271
600279
600340
600502
600530
600587
600606
600710
600721
600750
600861
600872
600873
600894
600939
601000
601007
601717
601966
601968
603103
603117
603162
603193
603216
603237
603239
603305
603307
603370
603409
603677
603706
603708
603808
603815
603833
603896
603969
603988
605162
605388
688087
688529
920022
920190
000001
000019
000411
000488
000517
000537
000557
000563
000708
000716
000722
000761
000786
000816
000877
000899
000933
000937
000965
000983
001323
001391
001395
001979
002060
002067
002116
002128
002133
002146
002205
002219
002233
002244
002344
002353
002406
002545
002556
002695
002932
002936
002940
003023
003032
300051
300139
300471
300569
300636
300802
300893
300897
301155
301193
301429
301525
600033
600035
600054
600088
600104
600119
600123
600132
600170
600188
600252
600273
600283
600395
600429
600496
600507
600508
600512
600548
600640
600655
600688
600729
600829
600859
600938
600983
601006
601015
601139
601186
601566
601609
601618
601666
601668
601728
601799
601965
603039
603048
603055
603071
603202
603323
603344
603586
605196
605319
688296
688576
920519
920802
000066
000078
000529
000932
002007
002086
002185
002306
002497
002959
300677
300833
301227
600305
600694
600988
603880
