000100
000538
000683
000762
000917
000990
001203
002015
002053
002085
002180
002216
002226
002421
002459
002508
002605
002978
300012
300026
300073
300133
300183
300207
300459
300755
300770
300783
301047
301109
301171
301236
301325
301339
301371
301558
600138
600201
600216
600248
600332
600436
600556
600682
600929
600966
601012
601038
601100
601127
601766
603013
603072
603220
603496
603866
688223
688235
688608
688690
000650
000768
000786
002125
002174
301015
301487
600372
600478
600499
603583
603612
603638
605589
688639
000688
000792
002129
002859
002938
300080
300088
300390
300443
300633
301155
301376
301381
301626
600007
600114
600388
600458
600874
600987
603127
603530
605376
605507
688300
300796
300212
300869
600522
300416
002153
600235
600588
000980
600507
600546
002347
002940
600529
300596
002943
601788
601933
000400
000420
000600
000848
000966
002270
300118
300409
301600
600000
600482
600741
600861
600862
601069
601615
601619
601727
603169
603596
603699
605222
688343
688548
688596
688717
002223
600132
600271
300397
300008
600212
600153
600702
601990
000029
000062
000799
002837
300570
000039
000738
300963
301251
600579
600872
601890
002355
002812
300648
603810
002548
002936
300343
000528
002272
002353
002445
002795
002909
600292
600392
600875
601916
603048
603790
605117
688017
688190
688400
000513
002448
603888
000021
002008
002067
002396
002600
002601
002629
002655
002843
002903
300055
300469
300564
300713
300735
300767
600523
600563
600756
601139
601877
603005
603989
688099
688231
000012
000519
001299
002035
002185
002306
002430
002458
002628
002756
300001
300084
300175
300285
300444
300491
300693
600098
600148
600157
600230
600435
600550
603601
605177
688721
000723
000791
000932
002086
002128
002131
002167
002195
002204
002573
002648
002669
003025
300180
300322
300346
300355
300569
300618
300769
300829
300995
600268
600340
600497
601608
603055
603260
603316
603799
688063
000410
000733
000777
000816
002095
002236
002466
002677
002965
300664
300677
300682
300747
300836
301107
301525
600027
600283
600338
600558
600584
600797
601061
601136
603063
603706
000066
002120
002160
002190
002651
300339
300674
600039
600198
600408
600754
688660
000905
002049
002545
002549
300842
600058
600988
603477
688070
