002294
600336
688567
600340
600616
603706
603816
600976
301388
002466
300055
300084
601665
002795
002821
603061
000858
002306
300807
600338
603456
300503
300636
000650
600176
002353
300705
603010
300122
300747
603002
603989
000810
002458
002475
002549
002903
300450
300628
300671
300995
600392
600757
601108
603307
603790
688017
002430
002843
300056
300322
300346
300467
301359
600206
600584
603893
688531
000049
000066
002049
002127
002167
002439
002747
002943
300424
300454
300767
300769
300833
600119
600497
601061
601198
603260
688099
000012
000021
000529
000782
000799
002185
002292
002660
002812
300221
300339
300397
300625
600536
600546
600694
601778
601890
603025
002153
300601
600027
603976
688169
000596
600153
600177
002545
002756
605177
000001
002445
300710
300832
600148
600903
601566
603188
603810
000868
002677
002909
300676
600098
600157
601216
603259
603880
000025
000039
000831
000980
001337
002037
002043
002291
002460
002646
002936
300491
300596
301287
600037
600235
600408
600558
600712
601136
601155
688063
688400
000700
002548
002573
002654
300315
300407
300469
300751
600135
600143
600280
600305
600622
601106
603048
603168
603477
605001
002006
002086
002320
002358
002559
002651
300166
300343
300796
600058
600621
600724
600895
600984
601975
601990
603602
603888
605008
688418
000156
000661
000738
000905
002130
002218
002347
002448
002555
002673
002965
003025
300145
300316
300579
300693
300943
300963
301503
600292
600489
600756
600789
601086
601162
601669
601788
601877
601916
688308
688556
