300055
300625
002320
301503
301107
600177
000029
605008
601975
603456
600621
601162
000739
603893
689009
002223
000661
000963
002127
002396
000513
000650
002292
300529
300705
600039
600587
600872
600976
601000
000816
300051
600548
600729
601139
603055
000529
002007
002959
300677
300833
600694
600988
000001
600305
300454
300628
002067
002153
002439
300315
600489
600523
601665
601933
688169
688531
002573
300676
300832
600518
600871
000568
000932
002035
002128
002646
002936
300869
600027
600037
600497
600507
600616
600739
600789
601155
601916
601990
603706
000156
000528
000596
000735
000858
001914
002014
002043
002291
002343
002572
300122
300146
600009
600054
600098
600132
600408
600529
600622
600675
600706
600757
600903
601086
601216
603168
603197
000868
000905
002095
002239
300271
300355
300579
300664
600006
600055
600283
600635
601669
000021
000723
002074
002601
300017
300496
300525
300674
600157
600292
600584
600756
600797
600963
601136
601369
603061
603259
603881
603888
