002294
600336
688567
600340
600616
603706
603816
600976
301388
002466
300055
300084
601665
603259
002795
002821
603061
000858
002306
300807
600338
601000
603239
603456
300503
300636
600712
000650
600176
600724
603048
002353
300705
603010
002648
300122
300747
603002
603989
688400
000810
002204
002458
002475
002549
002555
002903
300450
300596
300628
300671
300741
300995
600392
600757
600789
601021
601108
603307
603790
688017
688308
001337
002236
002326
002430
002559
002843
300056
300322
300346
300467
301359
600037
600206
600292
600584
600875
600895
603893
688531
000009
000049
000066
000519
002049
002127
002167
002439
002651
002747
002943
300343
300424
300454
300506
300624
300767
300769
300833
300943
600119
600143
600212
600497
600622
601061
601198
603260
603602
688099
000012
000021
000156
000529
000733
000782
000799
002185
002292
002660
002812
002985
300221
300339
300397
300407
300625
600536
600546
600588
600694
601162
601778
601890
601933
603025
603661
603888
688316
002067
002153
300601
600027
603976
688169
000596
002233
600153
600177
002460
002545
002756
605177
000001
000011
002445
002909
300491
300677
300710
300832
600148
600903
601566
603188
603810
