002294
600336
600340
600616
603706
301388
300055
300084
002795
603061
000858
002306
603456
300503
300636
000650
300705
300747
603002
603989
002903
300628
300671
600757
603307
603790
688017
300346
300467
301359
600206
600584
688531
002049
002127
002439
002747
002943
300424
300833
600497
601198
688099
000012
000021
000529
002185
300221
300397
300625
600536
600546
600694
603025
600027
688169
600153
605177
300710
300832
600903
601566
600098
600157
603880
000980
001337
002291
300491
300596
600037
600558
600712
688400
000700
002654
300469
600143
002006
002320
002559
300166
300343
600621
600724
600984
603602
605008
688418
002347
002965
003025
300145
300316
300943
601086
601916
688308
688556
000839
002272
002396
002629
300809
301251
301525
600563
603667
603881
603969
300542
688190
002190
300829
001299
002169
300017
002940
002326
300995
300648
688063
000156
000733
002067
002131
300212
300682
301503
603893
688316
002909
300506
300686
301107
600635
688070
688567
