300055
300625
002320
301503
301107
600177
000029
001299
605008
601975
603456
600621
601162
000739
603893
689009
002223
603477
002120
000661
000963
002127
002396
300564
000513
000650
002292
300175
300529
300705
600039
600587
600872
600976
601000
000816
300051
300471
600548
600729
601139
603055
000529
002007
002086
002959
300677
300833
600694
600988
000001
600305
002677
300454
300628
601010
002067
002153
002439
300315
600489
600523
601665
601933
688169
688531
002573
300676
300832
600518
600871
000568
000932
002035
002128
002646
002936
300636
300869
600027
600037
600497
600507
600616
600739
600789
600829
601155
601916
601990
603706
000156
000528
000596
000735
000858
001914
002014
002043
002291
002343
002572
300122
300146
300430
600009
600054
600098
600132
600235
600408
600529
600622
600675
600706
600757
600903
601086
601216
603168
603197
000868
000905
002095
002239
002932
300271
300355
300579
300664
301287
600006
600055
600119
600280
600283
600635
601669
