301503
600055
300430
000078
000507
000858
000932
002060
002461
002606
300997
301189
600033
600727
600754
600780
600798
600863
600925
603191
603713
605011
605338
000755
001914
002053
002360
002421
300328
603559
603586
688057
688229
920237
002156
002243
600172
601600
601686
603031
603341
603816
920725
000725
002056
300281
300504
300897
301111
301666
600396
600726
600997
603458
603459
605555
688456
920078
000159
002636
002678
002955
002965
002965
300664
300853
301528
600714
603065
688310
688690
002164
002571
002896
002971
002987
300626
600007
601588
603186
688165
920002
920682
920720
000410
000425
000528
001317
002515
002548
300296
300568
300710
300710
301488
301511
601636
603040
603662
688322
920092
920247
920978
000608
001210
001696
002842
300411
300576
300666
300741
300985
600302
600826
603150
605208
688300
688669
000823
300481
300489
300786
301161
600186
600206
600206
600228
600500
600667
603011
603823
688035
688082
688368
688409
688545
688602
688689
000009
000032
000166
000558
000630
000688
000809
000958
001203
001299
002718
002789
002937
300054
300570
301196
301321
600009
600030
600511
600567
600573
600829
601187
601568
601628
603379
603519
603595
603871
603993
688218
688332
688388
688507
688750
920982
000301
000408
000568
000596
000650
000735
000738
000816
001369
002023
002023
002104
002119
002155
002258
002440
002493
002651
002654
002668
002768
300263
300408
300697
300711
300868
300871
300889
300998
301337
301566
600135
600141
600176
600259
600301
600838
600871
600909
601319
601336
601877
601881
601890
603002
603373
605368
688020
688059
688098
688314
688777
920634
000510
000758
000759
000905
001239
002130
002153
002163
002193
002204
002218
002272
002303
002343
002358
002368
002415
002426
002572
002672
002824
002908
002910
003022
300055
300122
300145
300145
300224
300252
300271
300377
300397
300397
300397
300410
300416
300416
300471
300497
300508
300542
300569
300586
300709
300767
300767
300870
300963
300976
301200
301238
301259
301306
301310
301349
301622
600111
600271
600366
600497
600523
600550
600605
600862
600888
600988
600996
600999
601106
601377
601990
603045
603166
603203
603327
603429
603618
603688
688056
688070
688112
688660
688719
688786
688788
688819
920125
000029
000065
000070
000100
000526
000733
000955
002043
002074
002131
002195
002263
002281
002484
002559
002613
002662
002745
002787
002851
002931
003026
300037
300162
300174
300180
300303
300308
300398
300458
300458
300475
300606
300648
300668
300696
300726
300737
300820
300821
300938
301099
301150
301328
301373
301603
301607
600268
600370
600579
600579
600621
600756
600764
600876
601000
601375
603407
603949
603985
605258
605288
688079
688125
688138
688207
688260
688312
688316
688347
688378
688383
688525
688536
688598
920357
000679
001287
001339
002049
002084
002191
002318
002326
002436
002485
002741
002775
002806
002821
002821
002876
002907
002938
002980
300223
300239
300260
300265
300320
300341
300420
300433
300449
300467
300467
300502
300553
300554
300578
300601
300607
300624
300679
300700
300757
300802
300811
300836
301072
301119
301123
301132
301201
301213
301280
301322
301330
301419
301458
301678
600212
600246
600875
601669
601975
603001
603048
603160
603259
603318
603324
603456
603893
603893
603936
603959
603995
605378
688063
688096
688328
688367
688416
688486
688535
688556
688559
688600
688699
688702
688733
688802
688813
920045
920099
920122
920971
000066
000422
000545
000555
000571
000668
000686
000728
000782
000830
000878
001965
002068
002077
002145
002185
002236
002367
002491
002539
002669
002673
002730
002859
002939
002978
003004
300018
300042
300059
300095
300179
300196
300283
300316
300321
300355
300378
300402
300643
300649
300676
300676
300693
300702
300748
300751
300774
300776
300841
300842
300930
301021
301080
301093
301308
301363
301388
301502
301525
301557
301662
600010
600037
600089
600096
600108
600162
600208
600346
600369
600390
600456
600545
600563
600641
600761
600797
600958
601061
601108
601108
601162
601198
601198
601788
601901
603005
603042
603127
603173
603188
603196
603261
603262
603530
603668
603698
603928
605089
605178
605376
688019
688048
688052
688109
688119
688126
688387
688515
920009
920061
920263
920703
920719
002008
002276
002320
002369
002439
002530
002648
002795
300051
300061
300149
300339
300339
300407
300461
300461
300564
300682
300713
300713
300807
301287
600053
600529
600706
600748
600789
601086
603010
603197
603717
603717
603810
605001
605001
688099
688099
688418
300506
000157
000518
000541
000563
000609
000651
000661
000685
000715
000726
000739
000776
000799
000949
002080
002099
002141
002167
002206
002273
002275
002311
002393
002468
002555
002603
002674
002755
002758
002945
002961
003033
300181
300204
300357
300363
300401
300436
300493
300723
301162
301230
301345
301392
301507
301526
600020
600095
600131
600166
600196
600261
600337
600345
600350
600372
600498
600551
600618
600643
600676
600741
600791
600821
600864
600908
600955
601021
601101
601156
601229
601456
601888
603009
603021
603181
603199
603209
603466
603565
603617
603661
603679
603983
605098
605118
605183
605255
605300
688009
688012
688029
688062
688091
688180
688192
688302
688323
688382
688398
688443
688611
688796
920029
920218
920735
920808
002239
301257
600895
689009
002223
002294
300024
300084
688231
000777
002475
002628
300503
300769
603063
603316
603477
688017
