002294
600336
600340
600616
603706
301388
300055
300084
002795
603061
000858
002306
603456
300503
300636
000650
002353
300705
603010
300747
603002
603989
002458
002475
002903
300628
300671
600757
601108
603307
603790
688017
300056
300322
300346
300467
301359
600206
600584
688531
002049
002127
002439
002747
002943
300424
300454
300769
300833
600119
600497
601061
601198
688099
000012
000021
000529
002185
002660
300221
300339
300397
300625
600536
600546
600694
601778
603025
300601
600027
603976
688169
600153
600177
002545
605177
002445
300710
300832
600148
600903
601566
603188
002677
300676
600098
600157
601216
603880
000039
000831
000980
001337
002043
002291
300491
300596
301287
600037
600558
600712
601155
688400
000700
002654
300407
300469
300751
600135
600143
601106
603048
002006
002320
002559
300166
300343
600621
600724
600984
601975
603602
605008
688418
000738
000905
002130
002218
002347
002965
003025
300145
300316
300943
300963
600789
601086
601669
601788
601877
601916
688308
688556
000839
002272
002396
002629
002669
300461
300809
301251
301525
600563
603667
603881
603969
300506
300542
603816
688190
002190
300829
001299
002169
002601
300017
002940
002326
300995
