002669
300008
600185
600212
300024
600153
000568
000858
600702
601990
300833
000029
000062
000799
002837
300570
301257
000596
300444
301388
000039
000738
000821
300963
301503
000012
001299
001914
002292
002306
301251
301287
600305
600579
600622
600675
600757
600872
601890
603307
603976
002343
002355
002812
002959
300648
600754
601021
601198
603477
603810
002548
002936
300343
300467
300741
688169
000528
002272
002353
002445
002660
002795
002821
002909
300166
300198
300383
300710
300711
600037
600177
600292
600392
600477
600706
600875
601916
603048
603055
603790
605117
688017
688190
688316
688400
000513
002086
002294
002448
002573
002655
002908
300055
300149
300315
300469
300579
300682
600518
600523
603005
603888
603989
