000100
000538
000683
000762
000917
000990
001203
002015
002053
002085
002180
002216
002226
002421
002459
002508
002605
002978
300012
300026
300073
300133
300183
300207
300459
300755
300770
300783
301047
301109
301171
301236
301325
301339
301371
301558
600138
600201
600216
600248
600332
600436
600556
600682
600929
600966
601012
601038
601100
601127
601766
603013
603072
603220
603496
603866
688223
688235
688608
688690
000650
000768
000786
002125
002174
301015
301487
600372
600478
600499
603583
603612
603638
605589
688639
000688
000792
002129
002859
002938
300080
300088
300390
300443
300633
301155
301376
301381
301626
600007
600114
600388
600458
600874
600987
603127
603530
605376
605507
688300
300212
300869
300416
002153
600588
000980
002940
600529
002943
601788
601933
000400
000420
000600
000848
000966
002270
300118
300409
301600
600000
600482
600741
600861
600862
601069
601615
601619
601727
603169
603596
603699
605222
688343
688548
688596
688717
002223
600132
600271
600702
601990
000062
000799
002837
300570
300963
002812
603810
300343
000528
601916
605117
603888
002600
002655
300055
600563
600098
600148
600157
000723
002128
002573
300569
300769
300829
603055
688063
300664
300677
600027
600283
002549
603477
002043
002355
002458
003025
300180
603063
000777
002347
300383
300711
301227
603880
000839
002074
002294
002439
002654
002821
300469
600135
600212
688660
000739
002120
002183
002460
300625
600006
600489
600548
601000
603949
002745
002932
002936
600054
600177
600587
600757
000009
002035
600336
600408
600712
601665
002014
002086
300051
300198
600754
600872
688099
688567
000011
000513
002007
002081
002130
600305
600340
600616
600675
600729
600838
