002294
600616
300055
000858
300636
000650
000529
300221
300625
002320
600621
301503
600340
002353
300020
301107
601916
000001
301227
603661
000831
300198
002903
002965
002972
003025
603976
002272
002654
600177
600198
000029
002843
300525
600206
600392
601665
000025
000513
002549
002628
300671
600176
600338
603061
603260
000963
001299
002306
300686
600546
600729
605008
688721
000011
000686
000980
002014
002023
002458
002601
002936
300024
300083
300084
300146
300243
300469
300693
600054
600058
600497
600757
601021
601788
601975
603030
603456
603885
688308
