301503
600055
300430
000507
000858
002606
300997
301189
600727
600754
600780
600798
603191
605011
605338
001914
002053
002421
300328
688229
920237
002156
002243
601600
603031
603816
920725
301111
301666
600396
600726
603458
605555
688456
920078
002636
002678
300664
300853
600714
688310
688690
002164
002571
002896
002987
300626
601588
603186
920002
920682
920720
000410
001317
002515
300296
300710
300710
301488
301511
688322
920092
920247
000608
001696
300411
300576
300666
300741
600826
603150
605208
688300
300489
600186
600500
600667
603011
688035
688545
688602
000009
000558
000630
000809
000958
001299
002718
002789
002937
300570
301196
600030
600511
600567
600573
601187
601568
603519
603871
603993
688218
688388
688750
920982
000408
000568
000596
000738
001369
002104
002155
002440
002493
002651
300263
300408
300697
300711
300868
300871
300889
300998
301337
301566
600135
600259
600838
601336
601877
601881
601890
603373
605368
688020
688059
688314
920634
000510
000758
000759
000905
001239
002130
002163
002193
002204
002218
002303
002343
002358
002415
002426
002572
002672
002824
002908
003022
300055
300122
300224
300252
300271
300377
300410
300497
300542
300586
300709
300870
300963
300976
301200
301238
301306
301310
301622
600111
600550
600605
600999
601106
603045
603166
603327
603429
603618
688056
688070
688112
688660
688719
688786
688788
688819
920125
000065
000070
000526
000955
002043
002074
002131
002195
002263
002613
002662
002931
300037
300174
300180
300303
300308
300606
300648
300668
300696
300726
300737
301099
301150
301373
600268
600370
600621
600764
600876
601375
603407
603985
605258
688125
688260
688312
688316
688383
688525
688536
688598
920357
000679
001287
002084
002191
002318
002436
002741
002775
002806
002980
300223
300239
300260
300265
300341
300433
300449
300553
300554
300578
300624
300679
300700
300757
301119
301213
301322
301330
301458
600212
600875
601669
601975
603259
603318
603324
603893
603893
603936
603959
605378
688063
688096
688367
688600
688733
688813
920045
920099
920971
000422
000545
000555
000571
000728
000830
000878
001965
002145
002367
002491
002539
002730
002859
002978
300042
300059
300095
300179
300196
300283
300378
300402
300649
300774
300930
301021
301093
301308
301363
301388
301502
301557
301662
600010
600037
600089
600096
600108
600162
600208
600346
600369
600390
600456
600761
600797
600958
601061
601162
601901
603042
603127
603173
603188
603196
603262
603530
603668
605089
605376
688052
688109
688119
688126
688515
920061
920263
920703
920719
002276
002369
002530
002795
300061
300339
300339
300407
300461
300461
300682
300713
300713
300807
301287
600706
600748
601086
605001
605001
000157
000518
000609
000715
000739
000949
002206
002273
002311
002603
002674
002758
002945
002961
003033
300357
301162
301230
301507
600020
600095
600131
600196
600261
600337
600498
600551
600618
600643
600676
600741
600821
600864
600955
601888
603181
603199
603617
603679
605098
605118
605183
605255
688009
688029
688091
688302
688323
688611
920029
920218
920735
689009
000651
000685
000813
001322
002033
002099
002100
002568
002762
002797
002939
003006
003019
300244
300326
300673
300683
300685
300692
300702
300706
600009
600193
600289
600468
600481
600690
600755
600812
600886
600918
600998
601156
601377
601555
603456
603565
603588
603610
605081
605228
688002
688016
688075
688137
688177
688253
688301
688356
688506
688607
688608
688639
920020
920599
000539
000631
001269
002120
002184
002232
002313
002470
002565
002624
002717
002991
300072
300124
300261
300289
300298
300528
300715
300772
300778
300838
300859
300957
301030
301059
301550
600075
600167
600187
600265
600310
600376
600679
600725
601016
601026
601456
603057
603189
603212
603392
603435
603567
603569
603583
605028
605088
605488
688066
688271
688282
688375
688377
688697
688805
920090
000002
000016
000661
000680
000688
000711
000729
000798
000820
000963
001210
001215
002024
002059
002091
002122
002127
002150
002198
002239
002314
002315
002327
002412
002501
002596
002620
002637
002656
002847
002856
002917
002977
002981
002995
003021
300027
300080
300228
300439
300856
300896
300910
301270
600236
600302
600415
600439
600592
600603
600617
600645
600730
600901
601918
603180
603272
603517
603718
603730
603810
603822
603869
603970
605177
688606
688612
920576
920978
000159
000425
000552
000564
000582
000610
000650
000677
000736
000937
001203
001366
002269
002292
002395
002431
002490
002523
002547
002590
002634
002667
002878
003003
300010
300225
300254
300281
300299
300355
300385
300705
300829
300886
300893
300918
301234
301551
600022
600023
600039
600137
600243
600271
600340
600530
600587
600606
600721
600750
600872
600894
601000
601717
601966
601968
603103
603117
603162
603193
603216
603239
603370
603409
603677
603708
603808
603896
603988
605162
688529
920022
000403
000537
000708
000709
000786
000797
000816
000877
000899
001323
001391
001979
002116
002133
002172
002205
002244
002305
002320
002443
002461
002489
002556
002650
002695
003032
300051
300125
300176
300425
300471
300802
300897
301035
301107
301116
301155
301331
600104
600132
600170
600252
600283
600295
600301
600395
600512
600526
600640
600688
600729
600792
600794
600853
600859
601003
601015
601139
601566
601609
601666
601728
601811
601860
601965
603041
603071
603100
603202
603237
603305
603307
603321
603344
603825
605196
605319
605388
688092
688425
688576
688597
000166
000411
000488
000595
000695
000983
002007
002060
002086
002154
002408
002483
002543
002545
002570
002627
002705
002722
002761
002946
002959
003023
301075
600035
600123
600279
600300
600479
600508
600648
600653
600655
600694
600710
600720
600731
600803
600860
600873
600939
601158
601318
601398
601512
601577
601702
601799
601818
601898
601998
603059
603090
603357
603508
603566
603586
603707
603739
605259
688087
688296
688468
920161
000001
000030
000153
000419
000421
000529
000726
000761
000788
000900
000919
000933
001227
002069
002157
002186
002219
002258
002264
002391
002512
002551
002589
002614
002644
002688
002746
002897
003012
300168
300194
300406
300529
300559
301501
600019
600050
600088
600153
600282
600305
600308
600327
600467
600525
600575
600583
600628
600649
600660
600662
600664
600681
600734
600757
600782
600820
600833
600938
601007
601033
601311
601366
601598
601618
601686
601699
601825
601949
603116
603136
603288
603323
603391
603408
603639
603683
605050
605128
605577
688078
688139
920375
920679
000029
000505
000755
000829
000988
002061
002233
002348
002423
002463
002511
002552
002583
002670
002697
002736
002815
002837
002851
002926
002947
003018
300054
300110
300170
300246
300394
300454
300459
300502
300504
300579
300628
300656
300736
300811
300814
300864
300922
300936
300999
301172
301285
600015
600064
600073
600109
600117
600183
600365
600469
600502
600536
600570
600594
600704
600736
600773
600787
600850
600861
600908
600917
600928
601010
601138
601229
601319
601827
601878
603111
603128
603159
603203
603301
603387
603511
603813
603877
603883
603979
688183
688234
688289
688325
688368
688433
688609
688668
688676
688777
000019
000042
000553
000563
000570
000581
000815
000882
000888
000989
000998
000999
001219
001300
002004
002019
002067
002139
002153
002169
002224
002267
002281
002368
002384
002540
002616
002721
002807
002852
002867
002872
002938
002989
003042
003816
300119
300144
300315
300383
300384
300396
300469
300483
300491
300593
300755
301040
301058
301109
301123
301252
301323
301335
301486
600028
600033
600056
600097
600125
600128
600138
600166
600168
600188
600231
600248
600256
600293
600339
600345
600406
600419
600422
600489
600515
600523
600566
600717
600740
600791
600817
600863
600866
600874
600968
600987
600996
601008
601018
601200
601225
601231
601500
601665
601900
601933
601952
603187
603279
603317
603585
603600
603658
603833
603866
603899
605138
605266
605303
605337
688398
688531
688610
920010
920992
000932
002035
002128
002573
002936
300636
300676
300832
600497
600507
600518
600522
600616
600789
600829
600871
601155
601916
603706
603881
688231
