002347
300711
002294
600489
600548
600177
600336
688567
000011
002081
002130
600340
600616
603706
603816
600976
002291
301388
600271
002223
002460
600984
601702
000001
002035
002466
002475
300055
300084
601665
603259
603601
002795
002821
600230
603061
000858
002204
002306
002940
300149
300807
600338
600522
600988
601000
603239
603456
000739
000810
000905
002160
300416
300503
300636
600712
600829
603976
000650
002629
300601
600176
600724
600754
603048
000568
002353
002602
300705
600132
601086
603010
002007
300166
601975
603661
