300055
300625
002320
301503
301107
600177
000029
001299
605008
601975
603456
600621
601162
000739
603259
603893
601198
300506
689009
002223
603477
002120
002236
000661
000963
002127
002239
002396
300564
000513
000650
002292
300175
300529
300705
600039
600587
600872
600976
601000
000816
002233
300051
300471
600283
600548
600729
601139
603055
000078
000529
002007
002086
002959
300677
300833
600694
600988
000001
600305
002677
300454
300628
601010
002067
002153
002169
002439
300315
300469
300491
600489
600523
601665
601933
688169
688531
002573
300676
300832
600518
600522
600871
000049
000156
000568
000596
000858
000932
001914
002014
002035
002128
002343
002572
002646
002936
300146
300149
300430
300636
300869
600009
600027
600037
600054
600098
600408
600497
600507
600529
600616
600675
600739
600757
600789
600829
600903
601086
601155
601788
601916
601990
603168
603706
688231
