002294
600616
300055
000858
000650
000529
300221
300625
002320
301503
002353
301107
301227
000831
002903
002965
002972
003025
603976
002272
002654
600177
600198
000029
002843
600206
000025
000513
002628
300671
600176
600338
603061
603260
000963
001299
002306
300686
600546
605008
688721
000011
000686
000980
002023
002458
002601
300024
300083
300146
300469
300693
600054
600058
600497
600757
601788
601975
603030
603456
000012
000733
002326
002430
002460
002466
002600
002673
002745
002812
002985
300145
300316
300397
300416
300491
300751
300767
300769
300836
301251
601990
688005
000810
002008
002049
002237
002559
300458
300596
300618
300773
301512
600563
600579
600621
601162
603949
603989
000739
002185
002448
002655
002821
300001
300166
300467
300943
600584
603160
603259
603790
603799
603893
688231
688400
688556
000066
000156
000782
002112
300017
300496
300676
300842
300869
600230
600739
601108
601136
601198
603316
603661
603888
000839
002014
002095
002648
300149
300444
300579
300636
300674
600976
603010
603717
688099
688418
