002294
600616
300055
000858
300636
000650
000529
300221
300625
002320
301503
600340
002353
301107
301227
000831
002903
002965
002972
003025
603976
002272
002654
600177
600198
000029
002843
600206
600392
000025
000513
002628
300671
600176
600338
603061
603260
000963
001299
002306
300686
600546
600729
605008
688721
000011
000686
000980
002023
002458
002601
300024
300083
300146
300243
300469
300693
600054
600058
600497
600757
601021
601788
601975
603030
603456
688308
000012
000733
000791
002326
002430
002460
002466
002600
002673
002745
002812
002985
300145
300316
300397
300416
300491
300735
300751
300767
300769
300836
301251
601369
601990
688005
000810
002008
002049
002237
002497
002559
300458
300506
300596
300618
300773
301512
600489
600563
600579
600621
601162
603949
603989
000739
002185
002448
002655
002821
300001
300166
300322
300450
300467
300943
600143
600558
600584
603160
603259
603316
603790
603799
603893
688231
688400
688556
