301503
600055
300430
000507
000858
002606
300997
301189
600727
600754
600780
600798
600863
603191
605011
605338
000755
002053
002421
300328
603559
688229
920237
002156
002243
601600
603031
603816
300504
301111
301666
600396
600726
603458
605555
688456
920078
002636
002678
300664
300853
600714
688310
688690
002164
002571
002896
002987
300626
601588
603186
920002
920682
920720
000410
001317
002515
300296
300710
300710
301488
301511
688322
920092
920247
000608
001696
300411
300576
300666
300741
600826
603150
605208
688300
300489
600186
600500
600667
603011
688035
688082
688368
688545
688602
000009
000558
000630
000809
000958
001299
002718
002789
002937
300570
301196
600030
600511
600567
600573
601187
601568
601628
603519
603871
603993
688218
688388
688750
920982
000301
000408
000568
000596
000738
001369
002104
002155
002440
002493
002651
300263
300408
300697
300711
300868
300871
300889
300998
301337
301566
600135
600259
600301
600838
600871
601336
601877
601881
601890
603373
688020
688059
688314
688777
920634
000510
000758
000759
000905
001239
002130
002163
002193
002204
002218
002303
002343
002358
002368
002415
002426
002572
002672
002824
002908
003022
300055
300122
300224
300252
300271
300377
300410
300497
300542
300586
300709
300870
300963
300976
301200
301238
301306
301310
301622
600111
600550
600605
600996
600999
601106
603045
603166
603203
603327
603429
603618
688056
688070
688112
688660
688719
688786
688788
688819
920125
000029
000065
000070
000526
000955
002074
002131
002195
002263
002281
002613
002662
002851
002931
300037
300174
300180
300303
300308
300458
300458
300606
300648
300668
300696
300726
300737
301099
301150
301328
301373
301603
600268
600370
600621
600764
600876
601375
603407
603949
603985
605258
605288
688125
688260
688312
688316
688347
688383
688525
688536
688598
920357
000679
002084
002191
002318
002436
002485
002741
002775
002806
002938
002980
300223
300239
300260
300265
300341
300433
300449
300502
300553
300554
300578
300624
300679
300700
300757
300811
301119
301123
301213
301322
301330
301458
600212
600246
600875
601669
601975
603259
603318
603324
603893
603893
603936
605378
688063
688096
688367
688600
688733
688802
688813
920045
920099
920971
000422
000555
000571
000686
000728
000830
000878
001965
002077
002145
002367
002491
002539
002730
002859
002978
300018
300042
300059
300095
300179
300196
300283
300378
300402
300649
300748
300774
300930
301021
301080
301093
301308
301363
301388
301502
301557
301662
600010
600037
600089
600096
600108
600162
600208
600346
600369
600390
600456
600761
600797
600958
601061
601108
601108
601162
601198
601198
601788
601901
603042
603127
603173
603188
603196
603262
603530
603668
605089
605178
605376
688052
688109
688119
688126
688515
920061
920263
920703
920719
002276
002320
002369
002530
002795
300061
300339
300339
300407
300461
300461
300682
300713
300713
300807
301287
600053
600706
600748
600789
601086
605001
605001
000157
000609
000715
000739
000949
002167
002206
002273
002603
002674
002758
002945
002961
003033
300357
300723
301162
301230
301345
301507
600020
600095
600131
600166
600196
600261
600337
600345
600498
600551
600618
600643
600676
600741
600791
600821
600864
600908
600955
601229
601888
603181
603199
603466
603617
603679
605098
605118
605255
688009
688029
688091
688180
688302
688323
688398
688611
920029
920218
920735
689009
000651
000685
000813
001201
001322
002033
002099
002100
002568
002736
002762
002797
002939
003006
003019
300039
300244
300326
300673
300683
300685
300692
300702
300706
600009
600012
600193
600289
600468
600481
600690
600755
600812
600886
600918
600998
601156
601377
601555
603456
603565
603588
603610
605009
605081
605228
688016
688075
688137
688177
688238
688253
688301
688356
688403
688506
688521
688526
688607
688608
688639
920020
920599
002628
000539
000631
000632
000909
001269
002120
002184
002232
002236
002313
002470
002565
002624
002705
002717
002991
300072
300124
300261
300289
300298
300528
300715
300772
300778
300838
300859
300957
301030
301059
301368
301550
600056
600075
600187
600265
600285
600310
600376
600679
600725
601016
601026
601456
603057
603189
603212
603392
603435
603567
603569
603583
603825
605028
605088
605488
688066
688169
688271
688282
688375
688377
688697
688805
920090
000002
000016
000661
000680
000688
000711
000729
000798
000820
000963
001210
001215
002024
002059
002122
002127
002150
002198
002239
002314
002315
002327
002360
002396
002412
002501
002596
002620
002637
002656
002742
002843
002847
002856
002917
002977
002981
002995
003021
300027
300080
300228
300439
300856
300896
300910
301107
301270
301596
600236
600302
600415
600439
600469
600592
600617
600645
600648
600730
600794
600901
601088
601918
603180
603272
603286
603517
603718
603730
603810
603822
603828
603869
603877
605177
688092
688606
688612
920576
920978
000159
000403
000425
000513
000552
000564
000610
000650
000677
000736
000797
000911
000975
001203
001366
002153
002269
002292
002395
002431
002461
002483
002489
002490
002523
002547
002590
002634
002667
002878
003003
300010
300175
300225
300254
300281
300299
300355
300385
300601
300705
300829
300886
300918
301234
301551
600022
600023
600039
600137
600243
600256
600271
600340
600530
600587
600606
600710
600721
600750
600861
600872
600873
600894
601000
601717
601966
601968
603103
603117
603162
603193
603216
603237
603239
603305
603307
603370
603409
603677
603708
603808
603815
603969
603988
605162
605388
688087
688529
920022
000411
000517
000537
000557
000563
000708
000722
000786
000816
000877
000899
000937
000965
001323
001979
002060
002116
002128
002133
002146
002205
002233
002244
002344
002556
002936
003032
300051
300139
300471
300802
300893
300897
301155
301193
301429
600033
600054
600104
600119
600132
600170
600188
600252
600273
600283
600395
600429
600496
600507
600512
600640
600655
600688
600729
600859
600983
601015
601139
601186
601566
601609
601666
601668
601728
601965
603039
603055
603071
603202
603344
603586
605196
605319
688296
688576
920802
000066
000166
000488
000595
000597
000695
000716
000888
000983
001391
001395
001914
002004
002007
002061
002086
002117
002142
002154
002228
002408
002486
002545
002570
002627
002650
002690
002695
002722
002864
002887
002946
002951
002959
003023
300376
300833
301075
600035
600064
600123
600168
600279
600295
600359
600406
600479
600508
600694
600803
600817
600939
600988
601018
601318
601319
601328
601702
601799
601818
601998
603508
603707
603896
605259
605368
920161
920190
920370
000001
000019
000030
000153
000156
000419
000421
000505
000529
000553
000570
000726
000761
000788
000900
000919
000933
001227
002069
002157
002185
002186
002219
002258
002264
002348
002376
002391
002512
002540
002551
002573
002589
002614
002644
002688
002746
002852
002853
002897
003012
300168
300194
300406
300529
300559
301058
301251
301501
600016
600019
600050
600073
600088
600125
600153
600248
600282
600305
600308
600327
600372
600467
600502
600525
600575
600583
600598
600628
600649
600660
600662
600664
600681
600734
600757
600782
600820
600833
600866
600938
601007
601008
601033
601311
601366
601598
601618
601686
601699
601825
601900
601949
601988
603111
603116
603136
603288
603323
603391
603408
603578
603639
603683
603706
603866
603979
605050
605128
605337
605577
688078
688139
920375
920679
002439
002677
300454
300469
300491
300628
600489
600523
601010
601665
688099
688308
688531
