002347
300711
002294
600489
600548
600336
688567
000011
002081
002130
600340
600616
603706
603816
600976
002291
301388
600271
002223
002460
600984
601702
000001
002466
300055
300084
601665
603259
002795
002821
603061
000858
002306
300807
600338
600522
600988
601000
603239
603456
000739
000905
002160
300416
300503
300636
600712
603976
000650
002629
300601
600176
600724
603048
002353
002602
300705
601086
603010
300166
601975
603661
002128
002183
002648
300122
300747
600230
603002
603989
688400
000810
000831
002007
002037
002204
002343
002458
002475
002549
002555
002903
300450
300542
300596
300628
300671
300674
300741
300995
301251
301287
600392
600754
600757
600789
601021
601108
603188
603307
603477
603790
603881
688017
688308
688418
000039
001299
001337
002169
002233
002236
002326
002396
002430
002448
002559
002745
002843
300017
300056
300322
300346
300467
300664
300693
300710
301359
600037
600206
600235
600292
600584
600875
600895
603667
603893
688531
