002294
600489
600336
688567
000011
002081
002130
600340
600616
603706
603816
600976
301388
600271
002223
002460
600984
601702
000001
002466
300055
300084
601665
603259
002795
002821
603061
000858
002306
300807
600338
601000
603239
603456
300416
300503
300636
600712
000650
600176
600724
603048
002353
300705
603010
300166
002128
002183
002648
300122
300747
603002
603989
688400
000810
000831
002007
002037
002204
002343
002458
002475
002549
002555
002903
300450
300596
300628
300671
300674
300741
300995
301251
301287
600392
600757
600789
601021
601108
603188
603307
603477
603790
603881
688017
688308
688418
000039
001299
001337
002233
002236
002326
002396
002430
002448
002559
002843
300017
300056
300322
300346
300467
300664
300693
300710
301359
600037
600206
600235
600292
600584
600875
600895
603667
603893
688531
000009
000025
000049
000066
000519
002049
002127
002160
002167
002190
002239
002439
002545
002651
002747
002756
002908
002943
300343
300424
300454
300506
300624
300767
300769
300833
300943
600119
600143
600212
600497
600523
600622
601061
601198
601566
601990
603260
603602
603949
688099
000012
000021
000156
000410
000529
000700
000733
000782
000799
002006
002185
002292
002347
002654
002660
002812
002985
300221
300339
300397
300407
300430
300625
300711
600435
600536
600546
600588
600694
601162
601778
601890
601933
603025
603661
603888
603969
688316
002067
002153
300601
600027
601106
603976
688169
