002294
600616
300055
000858
002306
603456
300636
000650
300705
603002
603989
600757
688017
300346
600584
688531
002049
002747
300424
601198
000021
000529
002185
300221
300397
300625
600694
300710
600903
600098
603880
000700
600143
002320
600621
600984
003025
300316
300943
601916
688308
002396
300809
301251
301525
600563
688190
300829
001299
002169
002326
300648
000733
002067
300212
301503
603893
301107
600635
600895
000012
002669
300416
300807
600176
601702
000519
300735
600529
601021
603010
603160
603885
300322
600039
002167
300491
600340
000723
000791
002353
300596
300747
600027
600198
601369
688418
