002294
600336
600340
600616
603706
300055
300084
603061
000858
002306
603456
300503
300636
000650
300705
300747
603002
603989
002903
300671
600757
603790
688017
300346
301359
600584
688531
002049
002127
002747
002943
300424
601198
000021
000529
002185
300221
300397
300625
600694
688169
605177
300710
300832
600903
601566
600098
603880
001337
688400
000700
002654
600143
002006
002320
600621
600984
603602
002965
003025
300145
300316
300943
601916
688308
002272
002396
300809
301251
301525
600563
603667
688190
300829
001299
002169
002940
002326
300995
300648
000733
002067
300212
301503
603893
300506
301107
600635
688070
688567
600895
603976
000012
002430
002669
002821
300243
300416
300807
600176
600497
601702
603307
